## Station Listing
## Station Lines are identified by a line with 
## "Line" LineName CentrePos CoastPnt
## Station positions are identified by a line with 
## Longitude Latitude DistFromCoast Depth StationNumber StationLabel
# Line GG 	13.4535/-19.8348	13.022/-19.9506
12.8515	-19.9965	 18.5	   92	 1	GG1
12.6809	-20.0422	 37.1	  140	 2	GG2
12.5102	-20.0877	 55.6	  193	 3	GG3
12.3395	-20.1331	 74.1	  235	 4	GG4
12.1686	-20.1783	 92.7	  303	 5	GG5
11.9976	-20.2233	111.2	  401	 6	GG6
11.8265	-20.2682	129.7	  573	 7	GG7
11.6553	-20.3129	148.3	  800	 8	GG8
11.4840	-20.3574	166.8	 1020	 9	GG9
11.3127	-20.4018	185.3	 1153	10	GG10
11.1412	-20.4460	203.9	 1319	11	GG11
10.9696	-20.4900	222.4	 1600	12	GG12
10.7979	-20.5339	240.9	 1635	13	GG13
10.6262	-20.5776	259.5	 1790	14	GG14
10.4543	-20.6211	278.0	 1895	15	GG15
10.2823	-20.6645	296.5	 1987	16	GG16
10.1103	-20.7077	315.1	 2485	17	GG17
 9.9381	-20.7507	333.6	 2602	18	GG18
 9.7658	-20.7935	352.1	 3073	19	GG19
 9.5935	-20.8362	370.6	 3200	20	GG20
 9.4210	-20.8787	389.2	 3389	21	GG21
# Line FF 	13.6001/-20.3154	13.256/-20.4075
13.0850	-20.4534	 18.5	  107	 1	FF1
12.9139	-20.4990	 37.1	  151	 2	FF2
12.7427	-20.5446	 55.6	  201	 3	FF3
12.5714	-20.5899	 74.1	  253	 4	FF4
12.4000	-20.6351	 92.7	  332	 5	FF5
12.2285	-20.6801	111.2	  436	 6	FF6
12.0569	-20.7250	129.7	  679	 7	FF7
11.8852	-20.7696	148.3	  950	 8	FF8
11.7134	-20.8141	166.8	 1218	 9	FF9
11.5415	-20.8585	185.3	 1488	10	FF10
11.3695	-20.9026	203.9	 1976	11	FF11
11.1974	-20.9466	222.4	 2258	12	FF12
11.0252	-20.9904	240.9	 2378	13	FF13
10.8529	-21.0341	259.5	 2477	14	FF14
10.6805	-21.0776	278.0	 2748	15	FF15
10.5080	-21.1209	296.5	 3075	16	FF16
10.3354	-21.1640	315.1	 3333	17	FF17
10.1627	-21.2069	333.6	 3446	18	FF18
 9.9898	-21.2497	352.1	 3544	19	FF19
 9.8169	-21.2923	370.6	 3613	20	FF20
 9.6439	-21.3347	389.2	 3754	21	FF21
# Line EE 	13.7477/-20.796	13.417/-20.8843
13.2455	-20.9302	 18.5	  102	 1	EE1
13.0738	-20.9758	 37.1	  161	 2	EE2
12.9021	-21.0213	 55.6	  221	 3	EE3
12.7303	-21.0667	 74.1	  324	 4	EE4
12.5583	-21.1119	 92.7	  433	 5	EE5
12.3863	-21.1568	111.2	  638	 6	EE6
12.2141	-21.2017	129.7	  881	 7	EE7
12.0418	-21.2463	148.3	 1096	 8	EE8
11.8695	-21.2908	166.8	 1407	 9	EE9
11.6970	-21.3351	185.3	 1728	10	EE10
11.5244	-21.3792	203.9	 2196	11	EE11
11.3518	-21.4231	222.4	 2518	12	EE12
11.1790	-21.4669	240.9	 2785	13	EE13
11.0061	-21.5105	259.5	 2991	14	EE14
10.8331	-21.5539	278.0	 3172	15	EE15
10.6600	-21.5971	296.5	 3340	16	EE16
10.4868	-21.6402	315.1	 3499	17	EE17
10.3135	-21.6830	333.6	 3610	18	EE18
10.1401	-21.7257	352.1	 3730	19	EE19
 9.9666	-21.7682	370.6	 3837	20	EE20
 9.7930	-21.8106	389.2	 3990	21	EE21
# Line DD 	13.8961/-21.2764	13.7186/-21.3237
13.5466	-21.3696	 18.5	   83	 1	DD1
13.3744	-21.4152	 37.1	  119	 2	DD2
13.2022	-21.4607	 55.6	  156	 3	DD3
13.0298	-21.5061	 74.1	  212	 4	DD4
12.8573	-21.5512	 92.7	  306	 5	DD5
12.6848	-21.5962	111.2	  391	 6	DD6
12.5121	-21.6410	129.7	  765	 7	DD7
12.3393	-21.6856	148.3	 1071	 8	DD8
12.1664	-21.7300	166.8	 1396	 9	DD9
11.9934	-21.7743	185.3	 1736	10	DD10
11.8203	-21.8183	203.9	 2022	11	DD11
11.6471	-21.8622	222.4	 2346	12	DD12
11.4737	-21.9059	240.9	 2596	13	DD13
11.3003	-21.9495	259.5	 2818	14	DD14
11.1268	-21.9928	278.0	 3043	15	DD15
10.9531	-22.0360	296.5	 3282	16	DD16
10.7794	-22.0790	315.1	 3454	17	DD17
10.6056	-22.1218	333.6	 3617	18	DD18
10.4316	-22.1644	352.1	 3748	19	DD19
10.2575	-22.2068	370.6	 3822	20	DD20
10.0834	-22.2491	389.2	 3962	21	DD21
# Line CC 	14.0456/-21.7567	13.9584/-21.7799
13.7858	-21.8257	 18.5	   78	 1	CC1
13.6131	-21.8714	 37.1	  112	 2	CC2
13.4403	-21.9169	 55.6	  136	 3	CC3
13.2674	-21.9622	 74.1	  171	 4	CC4
13.0944	-22.0073	 92.7	  201	 5	CC5
12.9213	-22.0523	111.2	  297	 6	CC6
12.7480	-22.0971	129.7	  465	 7	CC7
12.5747	-22.1416	148.3	  818	 8	CC8
12.4012	-22.1860	166.8	 1186	 9	CC9
12.2276	-22.2303	185.3	 1635	10	CC10
12.0540	-22.2743	203.9	 2097	11	CC11
11.8802	-22.3181	222.4	 2451	12	CC12
11.7063	-22.3618	240.9	 2693	13	CC13
11.5323	-22.4053	259.5	 2949	14	CC14
11.3581	-22.4486	278.0	 3138	15	CC15
11.1839	-22.4917	296.5	 3371	16	CC16
11.0096	-22.5346	315.1	 3490	17	CC17
10.8351	-22.5773	333.6	 3603	18	CC18
10.6606	-22.6198	352.1	 3750	19	CC19
10.4859	-22.6622	370.6	 3859	20	CC20
10.3112	-22.7043	389.2	 3962	21	CC21
# Line BB 	14.196/-22.2368	14.3179/-22.2044
14.1448	-22.2502	 18.5	   55	 1	BB1
13.9716	-22.2959	 37.1	  103	 2	BB2
13.7983	-22.3414	 55.6	  128	 3	BB3
13.6248	-22.3867	 74.1	  154	 4	BB4
13.4513	-22.4318	 92.7	  192	 5	BB5
13.2776	-22.4767	111.2	  203	 6	BB6
13.1038	-22.5215	129.7	  255	 7	BB7
12.9299	-22.5660	148.3	  378	 8	BB8
12.7559	-22.6104	166.8	  718	 9	BB9
12.5818	-22.6546	185.3	 1371	10	BB10
12.4076	-22.6986	203.9	 1938	11	BB11
12.2333	-22.7424	222.4	 2437	12	BB12
12.0588	-22.7860	240.9	 2697	13	BB13
11.8843	-22.8294	259.5	 2860	14	BB14
11.7096	-22.8726	278.0	 3023	15	BB15
11.5348	-22.9157	296.5	 3172	16	BB16
11.3599	-22.9585	315.1	 3316	17	BB17
11.1849	-23.0012	333.6	 3453	18	BB18
11.0098	-23.0436	352.1	 3593	19	BB19
10.8346	-23.0859	370.6	 3709	20	BB20
10.6592	-23.1280	389.2	 3803	21	BB21
# Line AA 	14.3475/-22.7168	14.5191/-22.6713
14.3454	-22.7171	 18.5	   58	 1	AA1
14.1716	-22.7628	 37.1	   97	 2	AA2
13.9977	-22.8083	 55.6	  124	 3	AA3
13.8237	-22.8536	 74.1	  151	 4	AA4
13.6495	-22.8986	 92.7	  179	 5	AA5
13.4753	-22.9435	111.2	  206	 6	AA6
13.3009	-22.9883	129.7	  259	 7	AA7
13.1264	-23.0328	148.3	  361	 8	AA8
12.9518	-23.0771	166.8	  603	 9	AA9
12.7770	-23.1212	185.3	  948	10	AA10
12.6022	-23.1652	203.9	 1421	11	AA11
12.4273	-23.2089	222.4	 1777	12	AA12
12.2522	-23.2525	240.9	 2192	13	AA13
12.0770	-23.2959	259.5	 2511	14	AA14
11.9017	-23.3390	278.0	 2724	15	AA15
11.7263	-23.3820	296.5	 2923	16	AA16
11.5508	-23.4248	315.1	 3136	17	AA17
11.3751	-23.4674	333.6	 3336	18	AA18
11.1994	-23.5098	352.1	 3442	19	AA19
11.0235	-23.5519	370.6	 3584	20	AA20
10.8476	-23.5939	389.2	 3686	21	AA21
# Line A 	14.5/-23.1967	14.4655/-23.2058
14.2911	-23.2516	 18.5	   75	 1	A1 
14.1166	-23.2973	 37.1	  114	 2	A2 
13.9420	-23.3428	 55.6	  141	 3	A3 
13.7673	-23.3880	 74.1	  168	 4	A4 
13.5924	-23.4331	 92.7	  198	 5	A5 
13.4175	-23.4780	111.2	  270	 6	A6 
13.2424	-23.5226	129.7	  363	 7	A7 
13.0672	-23.5671	148.3	  513	 8	A8 
12.8919	-23.6114	166.8	  904	 9	A9 
12.7164	-23.6555	185.3	 1462	10	A10
12.5408	-23.6994	203.9	 1775	11	A11
12.3652	-23.7431	222.4	 2124	12	A12
12.1894	-23.7866	240.9	 2421	13	A13
12.0135	-23.8299	259.5	 2771	14	A14
11.8374	-23.8730	278.0	 2957	15	A15
11.6613	-23.9159	296.5	 3125	16	A16
11.4850	-23.9586	315.1	 3350	17	A17
11.3086	-24.0011	333.6	 3468	18	A18
11.1321	-24.0434	352.1	 3588	19	A19
10.9555	-24.0854	370.6	 3693	20	A20
10.7788	-24.1273	389.2	 3777	21	A21
# Line B 	14.6536/-23.6764	14.496/-23.7177
14.3209	-23.7635	 18.5	  102	 1	B1 
14.1458	-23.8092	 37.1	  146	 2	B2 
13.9705	-23.8546	 55.6	  198	 3	B3 
13.7951	-23.8999	 74.1	  202	 4	B4 
13.6195	-23.9449	 92.7	  218	 5	B5 
13.4438	-23.9898	111.2	  281	 6	B6 
13.2681	-24.0344	129.7	  435	 7	B7 
13.0921	-24.0789	148.3	  960	 8	B8 
12.9161	-24.1231	166.8	 1403	 9	B9 
12.7400	-24.1672	185.3	 1895	10	B10
12.5637	-24.2110	203.9	 2401	11	B11
12.3873	-24.2546	222.4	 2671	12	B12
12.2108	-24.2981	240.9	 3033	13	B13
12.0341	-24.3413	259.5	 3201	14	B14
11.8574	-24.3843	278.0	 3357	15	B15
11.6805	-24.4272	296.5	 3460	16	B16
11.5035	-24.4698	315.1	 3586	17	B17
11.3264	-24.5122	333.6	 3754	18	B18
11.1492	-24.5544	352.1	 3919	19	B19
10.9718	-24.5964	370.6	 4038	20	B20
10.7943	-24.6382	389.2	 4106	21	B21
# Line C 	14.8084/-24.156	14.507/-24.2345
14.3312	-24.2803	 18.5	   99	 1	C1 
14.1554	-24.3260	 37.1	  159	 2	C2 
13.9793	-24.3714	 55.6	  196	 3	C3 
13.8032	-24.4166	 74.1	  225	 4	C4 
13.6270	-24.4617	 92.7	  292	 5	C5 
13.4506	-24.5065	111.2	  442	 6	C6 
13.2741	-24.5511	129.7	  765	 7	C7 
13.0974	-24.5955	148.3	 1188	 8	C8 
12.9206	-24.6397	166.8	 1591	 9	C9 
12.7438	-24.6837	185.3	 2023	10	C10
12.5667	-24.7275	203.9	 2613	11	C11
12.3896	-24.7711	222.4	 2872	12	C12
12.2123	-24.8145	240.9	 3190	13	C13
12.0350	-24.8576	259.5	 3394	14	C14
11.8575	-24.9006	278.0	 3549	15	C15
11.6798	-24.9433	296.5	 3693	16	C16
11.5021	-24.9859	315.1	 3868	17	C17
11.3242	-25.0282	333.6	 4004	18	C18
11.1462	-25.0703	352.1	 4139	19	C19
10.9681	-25.1122	370.6	 4224	20	C20
10.7898	-25.1539	389.2	 4284	21	C21
# Line D 	14.9643/-24.6354	14.721/-24.6986
14.5446	-24.7444	 18.5	   46	 1	D1 
14.3681	-24.7901	 37.1	  105	 2	D2 
14.1914	-24.8355	 55.6	  137	 3	D3 
14.0146	-24.8807	 74.1	  180	 4	D4 
13.8377	-24.9257	 92.7	  254	 5	D5 
13.6606	-24.9705	111.2	  408	 6	D6 
13.4834	-25.0151	129.7	  637	 7	D7 
13.3061	-25.0595	148.3	 1108	 8	D8 
13.1287	-25.1036	166.8	 1737	 9	D9 
12.9511	-25.1476	185.3	 2112	10	D10
12.7734	-25.1913	203.9	 2480	11	D11
12.5956	-25.2349	222.4	 2769	12	D12
12.4176	-25.2782	240.9	 3107	13	D13
12.2396	-25.3213	259.5	 3410	14	D14
12.0614	-25.3642	278.0	 3574	15	D15
11.8830	-25.4069	296.5	 3730	16	D16
11.7046	-25.4493	315.1	 3861	17	D17
11.5260	-25.4916	333.6	 3997	18	D18
11.3473	-25.5336	352.1	 4163	19	D19
11.1685	-25.5754	370.6	 4257	20	D20
10.9895	-25.6170	389.2	 4329	21	D21
# Line E 	15.1215/-25.1146	14.8385/-25.1878
14.6614	-25.2336	 18.5	   78	 1	E1 
14.4841	-25.2793	 37.1	  128	 2	E2 
14.3068	-25.3247	 55.6	  170	 3	E3 
14.1293	-25.3699	 74.1	  208	 4	E4 
13.9516	-25.4149	 92.7	  266	 5	E5 
13.7738	-25.4596	111.2	  371	 6	E6 
13.5959	-25.5042	129.7	  489	 7	E7 
13.4179	-25.5485	148.3	  995	 8	E8 
13.2397	-25.5927	166.8	 1520	 9	E9 
13.0614	-25.6366	185.3	 2025	10	E10
12.8830	-25.6803	203.9	 2480	11	E11
12.7044	-25.7237	222.4	 2720	12	E12
12.5257	-25.7670	240.9	 2974	13	E13
12.3469	-25.8100	259.5	 3246	14	E14
12.1680	-25.8529	278.0	 3529	15	E15
11.9889	-25.8955	296.5	 3720	16	E16
11.8097	-25.9378	315.1	 3912	17	E17
11.6303	-25.9800	333.6	 4037	18	E18
11.4509	-26.0219	352.1	 4138	19	E19
11.2713	-26.0637	370.6	 4238	20	E20
11.0915	-26.1052	389.2	 4342	21	E21
# Line F 	15.2798/-25.5937	14.8444/-25.7056
14.6665	-25.7514	 18.5	  100	 1	F1 
14.4885	-25.7970	 37.1	  163	 2	F2 
14.3104	-25.8424	 55.6	  208	 3	F3 
14.1321	-25.8876	 74.1	  230	 4	F4 
13.9537	-25.9326	 92.7	  276	 5	F5 
13.7751	-25.9773	111.2	  377	 6	F6 
13.5964	-26.0219	129.7	  582	 7	F7 
13.4176	-26.0662	148.3	  999	 8	F8 
13.2386	-26.1102	166.8	 1536	 9	F9 
13.0595	-26.1541	185.3	 2057	10	F10
12.8803	-26.1978	203.9	 2348	11	F11
12.7009	-26.2412	222.4	 2816	12	F12
12.5214	-26.2844	240.9	 3159	13	F13
12.3418	-26.3273	259.5	 3348	14	F14
12.1620	-26.3701	278.0	 3599	15	F15
11.9821	-26.4126	296.5	 3758	16	F16
11.8021	-26.4549	315.1	 3911	17	F17
11.6219	-26.4970	333.6	 4050	18	F18
11.4416	-26.5388	352.1	 4207	19	F19
11.2612	-26.5805	370.6	 4350	20	F20
11.0806	-26.6219	389.2	 4450	21	F21
# Line G 	15.4395/-26.0726	14.964/-26.1942
14.7854	-26.2400	 18.5	  130	 1	G1 
14.6066	-26.2856	 37.1	  216	 2	G2 
14.4277	-26.3310	 55.6	  246	 3	G3 
14.2487	-26.3762	 74.1	  284	 4	G4 
14.0695	-26.4211	 92.7	  359	 5	G5 
13.8902	-26.4658	111.2	  432	 6	G6 
13.7107	-26.5103	129.7	  534	 7	G7 
13.5311	-26.5546	148.3	  861	 8	G8 
13.3514	-26.5987	166.8	 1444	 9	G9 
13.1715	-26.6425	185.3	 2154	10	G10
12.9915	-26.6861	203.9	 2420	11	G11
12.8114	-26.7294	222.4	 2856	12	G12
12.6311	-26.7726	240.9	 3246	13	G13
12.4507	-26.8155	259.5	 3448	14	G14
12.2701	-26.8582	278.0	 3659	15	G15
12.0894	-26.9006	296.5	 3831	16	G16
11.9086	-26.9428	315.1	 3981	17	G17
11.7276	-26.9848	333.6	 4138	18	G18
11.5466	-27.0266	352.1	 4280	19	G19
11.3653	-27.0681	370.6	 4415	20	G20
11.1840	-27.1094	389.2	 4527	21	G21
# Line H 	15.6005/-26.5514	15.1438/-26.6677
14.9644	-26.7135	 18.5	  109	 1	H1 
14.7849	-26.7591	 37.1	  179	 2	H2 
14.6053	-26.8045	 55.6	  229	 3	H3 
14.4255	-26.8497	 74.1	  273	 4	H4 
14.2456	-26.8946	 92.7	  342	 5	H5 
14.0655	-26.9393	111.2	  427	 6	H6 
13.8853	-26.9837	129.7	  599	 7	H7 
13.7050	-27.0280	148.3	 1140	 8	H8 
13.5245	-27.0720	166.8	 1552	 9	H9 
13.3438	-27.1157	185.3	 2008	10	H10
13.1630	-27.1593	203.9	 2584	11	H11
12.9821	-27.2026	222.4	 2890	12	H12
12.8011	-27.2457	240.9	 3275	13	H13
12.6199	-27.2885	259.5	 3570	14	H14
12.4385	-27.3311	278.0	 3821	15	H15
12.2570	-27.3735	296.5	 3959	16	H16
12.0754	-27.4156	315.1	 4097	17	H17
11.8937	-27.4576	333.6	 4224	18	H18
11.7118	-27.4992	352.1	 4331	19	H19
11.5297	-27.5407	370.6	 4427	20	H20
11.3476	-27.5819	389.2	 4533	21	H21
# Line I 	15.7628/-27.0299	15.2628/-27.1566
15.0827	-27.2024	 18.5	  114	 1	I1 
14.9024	-27.2480	 37.1	  198	 2	I2 
14.7220	-27.2934	 55.6	  266	 3	I3 
14.5414	-27.3385	 74.1	  372	 4	I4 
14.3607	-27.3834	 92.7	  491	 5	I5 
14.1798	-27.4281	111.2	  626	 6	I6 
13.9988	-27.4725	129.7	 1170	 7	I7 
13.8176	-27.5167	148.3	 1611	 8	I8 
13.6363	-27.5607	166.8	 1851	 9	I9 
13.4549	-27.6044	185.3	 2311	10	I10
13.2733	-27.6479	203.9	 2740	11	I11
13.0915	-27.6911	222.4	 3102	12	I12
12.9096	-27.7342	240.9	 3324	13	I13
12.7276	-27.7769	259.5	 3500	14	I14
12.5454	-27.8195	278.0	 3745	15	I15
12.3631	-27.8618	296.5	 3959	16	I16
12.1807	-27.9038	315.1	 4176	17	I17
11.9981	-27.9457	333.6	 4273	18	I18
11.8153	-27.9872	352.1	 4374	19	I19
11.6325	-28.0286	370.6	 4446	20	I20
11.4495	-28.0697	389.2	 4520	21	I21
# Line J 	15.9265/-27.5083	15.4991/-27.6162
15.3182	-27.6620	 18.5	   97	 1	J1 
15.1372	-27.7076	 37.1	  142	 2	J2 
14.9560	-27.7530	 55.6	  202	 3	J3 
14.7747	-27.7981	 74.1	  372	 4	J4 
14.5932	-27.8430	 92.7	  497	 5	J5 
14.4115	-27.8876	111.2	  964	 6	J6 
14.2297	-27.9320	129.7	 1244	 7	J7 
14.0478	-27.9762	148.3	 1452	 8	J8 
13.8657	-28.0201	166.8	 1726	 9	J9 
13.6835	-28.0638	185.3	 2124	10	J10
13.5011	-28.1072	203.9	 2471	11	J11
13.3186	-28.1504	222.4	 2788	12	J12
13.1359	-28.1934	240.9	 3020	13	J13
12.9531	-28.2361	259.5	 3228	14	J14
12.7701	-28.2786	278.0	 3467	15	J15
12.5870	-28.3208	296.5	 3699	16	J16
12.4037	-28.3628	315.1	 3879	17	J17
12.2203	-28.4045	333.6	 4022	18	J18
12.0368	-28.4460	352.1	 4131	19	J19
11.8531	-28.4873	370.6	 4228	20	J20
11.6693	-28.5283	389.2	 4304	21	J21
# Line K 	16.0916/-27.9864	15.787/-28.0631
15.6054	-28.1089	 18.5	   73	 1	K1 
15.4236	-28.1545	 37.1	   98	 2	K2 
15.2416	-28.1998	 55.6	  131	 3	K3 
15.0595	-28.2449	 74.1	  176	 4	K4 
14.8773	-28.2898	 92.7	  197	 5	K5 
14.6949	-28.3344	111.2	  201	 6	K6 
14.5123	-28.3788	129.7	  359	 7	K7 
14.3296	-28.4229	148.3	  624	 8	K8 
14.1468	-28.4668	166.8	  939	 9	K9 
13.9637	-28.5104	185.3	 1483	10	K10
13.7806	-28.5538	203.9	 1943	11	K11
13.5973	-28.5970	222.4	 2338	12	K12
13.4138	-28.6399	240.9	 2606	13	K13
13.2302	-28.6825	259.5	 2808	14	K14
13.0464	-28.7250	278.0	 3079	15	K15
12.8625	-28.7671	296.5	 3383	16	K16
12.6785	-28.8090	315.1	 3618	17	K17
12.4943	-28.8507	333.6	 3791	18	K18
12.3099	-28.8921	352.1	 3827	19	K19
12.1254	-28.9332	370.6	 3901	20	K20
11.9407	-28.9742	389.2	 4014	21	K21
# Line L 	16.2582/-28.4644	16.2677/-28.462
16.0854	-28.5078	 18.5	   39	 1	L1 
15.9029	-28.5534	 37.1	   86	 2	L2 
15.7203	-28.5987	 55.6	   91	 3	L3 
15.5375	-28.6438	 74.1	   97	 4	L4 
15.3545	-28.6886	 92.7	  102	 5	L5 
15.1714	-28.7332	111.2	  116	 6	L6 
14.9882	-28.7776	129.7	  149	 7	L7 
14.8048	-28.8217	148.3	  200	 8	L8 
14.6212	-28.8655	166.8	  195	 9	L9 
14.4375	-28.9091	185.3	  399	10	L10
14.2536	-28.9525	203.9	  874	11	L11
14.0696	-28.9956	222.4	 1330	12	L12
13.8854	-29.0384	240.9	 1856	13	L13
13.7011	-29.0810	259.5	 2247	14	L14
13.5166	-29.1234	278.0	 2568	15	L15
13.3319	-29.1655	296.5	 2772	16	L16
13.1471	-29.2073	315.1	 2985	17	L17
12.9622	-29.2489	333.6	 3153	18	L18
12.7771	-29.2903	352.1	 3302	19	L19
12.5919	-29.3313	370.6	 3491	20	L20
12.4065	-29.3722	389.2	 3660	21	L21
# Line M 	16.4263/-28.9422	16.6411/-28.8881
16.4580	-28.9339	 18.5	  103	 1	M1 
16.2748	-28.9795	 37.1	  101	 2	M2 
16.0914	-29.0248	 55.6	  103	 3	M3 
15.9079	-29.0699	 74.1	  111	 4	M4 
15.7242	-29.1147	 92.7	  116	 5	M5 
15.5403	-29.1593	111.2	  127	 6	M6 
15.3563	-29.2036	129.7	  145	 7	M7 
15.1721	-29.2476	148.3	  178	 8	M8 
14.9878	-29.2915	166.8	  209	 9	M9 
14.8033	-29.3350	185.3	  293	10	M10
14.6186	-29.3783	203.9	  425	11	M11
14.4338	-29.4214	222.4	  666	12	M12
14.2489	-29.4642	240.9	  958	13	M13
14.0637	-29.5067	259.5	 1545	14	M14
13.8785	-29.5490	278.0	 2080	15	M15
13.6930	-29.5910	296.5	 2469	16	M16
13.5074	-29.6328	315.1	 2582	17	M17
13.3217	-29.6743	333.6	 2802	18	M18
13.1358	-29.7156	352.1	 2933	19	M19
12.9498	-29.7566	370.6	 2998	20	M20
12.7636	-29.7973	389.2	 3269	21	M21
# Line N 	16.596/-29.4197	16.9134/-29.34
16.7295	-29.3858	 18.5	  110	 1	N1 
16.5455	-29.4314	 37.1	  139	 2	N2 
16.3613	-29.4767	 55.6	  151	 3	N3 
16.1769	-29.5217	 74.1	  161	 4	N4 
15.9924	-29.5665	 92.7	  178	 5	N5 
15.8077	-29.6111	111.2	  188	 6	N6 
15.6229	-29.6554	129.7	  201	 7	N7 
15.4379	-29.6994	148.3	  207	 8	N8 
15.2527	-29.7432	166.8	  210	 9	N9 
15.0673	-29.7867	185.3	  403	10	N10
14.8819	-29.8299	203.9	  432	11	N11
14.6962	-29.8729	222.4	  468	12	N12
14.5104	-29.9157	240.9	  581	13	N13
14.3244	-29.9582	259.5	 1110	14	N14
14.1383	-30.0004	278.0	 1615	15	N15
13.9520	-30.0423	296.5	 2097	16	N16
13.7655	-30.0840	315.1	 2523	17	N17
13.5789	-30.1254	333.6	 2818	18	N18
13.3921	-30.1666	352.1	 2960	19	N19
13.2052	-30.2075	370.6	 3065	20	N20
13.0182	-30.2481	389.2	 3197	21	N21
# Line O 	16.7672/-29.8971	17.082/-29.8184
16.8973	-29.8642	 18.5	  113	 1	O1 
16.7123	-29.9098	 37.1	  141	 2	O2 
16.5273	-29.9551	 55.6	  156	 3	O3 
16.3420	-30.0001	 74.1	  176	 4	O4 
16.1566	-30.0449	 92.7	  188	 5	O5 
15.9710	-30.0894	111.2	  198	 6	O6 
15.7853	-30.1336	129.7	  193	 7	O7 
15.5993	-30.1776	148.3	  198	 8	O8 
15.4133	-30.2214	166.8	  245	 9	O9 
15.2270	-30.2648	185.3	  346	10	O10
15.0406	-30.3080	203.9	  443	11	O11
14.8540	-30.3510	222.4	  721	12	O12
14.6673	-30.3937	240.9	 1145	13	O13
14.4804	-30.4361	259.5	 1377	14	O14
14.2933	-30.4782	278.0	 1848	15	O15
14.1061	-30.5201	296.5	 2275	16	O16
13.9187	-30.5617	315.1	 2657	17	O17
13.7312	-30.6030	333.6	 2823	18	O18
13.5435	-30.6441	352.1	 2957	19	O19
13.3556	-30.6849	370.6	 3038	20	O20
13.1676	-30.7254	389.2	 3191	21	O21
# Line P 	16.9401/-30.3742	17.2705/-30.292
17.0849	-30.3378	 18.5	  127	 1	P1 
16.8991	-30.3834	 37.1	  176	 2	P2 
16.7131	-30.4286	 55.6	  201	 3	P3 
16.5269	-30.4737	 74.1	  208	 4	P4 
16.3406	-30.5184	 92.7	  203	 5	P5 
16.1541	-30.5629	111.2	  189	 6	P6 
15.9675	-30.6071	129.7	  183	 7	P7 
15.7806	-30.6511	148.3	  200	 8	P8 
15.5936	-30.6948	166.8	  259	 9	P9 
15.4065	-30.7382	185.3	  529	10	P10
15.2191	-30.7813	203.9	 1167	11	P11
15.0316	-30.8242	222.4	 1744	12	P12
14.8439	-30.8668	240.9	 1950	13	P13
14.6561	-30.9092	259.5	 2207	14	P14
14.4681	-30.9512	278.0	 2374	15	P15
14.2799	-30.9930	296.5	 2582	16	P16
14.0916	-31.0346	315.1	 2785	17	P17
13.9031	-31.0758	333.6	 2876	18	P18
13.7144	-31.1168	352.1	 2995	19	P19
13.5256	-31.1575	370.6	 3156	20	P20
13.3366	-31.1979	389.2	 3232	21	P21
# Line Q 	17.1148/-30.851	17.5282/-30.7485
17.3417	-30.7943	 18.5	  109	 1	Q1 
17.1550	-30.8398	 37.1	  155	 2	Q2 
16.9682	-30.8851	 55.6	  198	 3	Q3 
16.7811	-30.9301	 74.1	  222	 4	Q4 
16.5939	-30.9749	 92.7	  241	 5	Q5 
16.4065	-31.0193	111.2	  261	 6	Q6 
16.2190	-31.0635	129.7	  291	 7	Q7 
16.0312	-31.1074	148.3	  350	 8	Q8 
15.8433	-31.1511	166.8	  438	 9	Q9 
15.6552	-31.1944	185.3	  623	10	Q10
15.4670	-31.2375	203.9	  865	11	Q11
15.2786	-31.2804	222.4	 1398	12	Q12
15.0900	-31.3229	240.9	 1788	13	Q13
14.9012	-31.3652	259.5	 2228	14	Q14
14.7123	-31.4072	278.0	 2540	15	Q15
14.5232	-31.4489	296.5	 2696	16	Q16
14.3339	-31.4904	315.1	 2882	17	Q17
14.1445	-31.5315	333.6	 3031	18	Q18
13.9549	-31.5724	352.1	 3166	19	Q19
13.7651	-31.6130	370.6	 3292	20	Q20
13.5751	-31.6533	389.2	 3390	21	Q21
# Line R 	17.2911/-31.3277	17.7982/-31.2023
17.6108	-31.2481	 18.5	  118	 1	R1 
17.4232	-31.2936	 37.1	  172	 2	R2 
17.2355	-31.3389	 55.6	  202	 3	R3 
17.0475	-31.3839	 74.1	  221	 4	R4 
16.8594	-31.4286	 92.7	  238	 5	R5 
16.6711	-31.4730	111.2	  268	 6	R6 
16.4826	-31.5172	129.7	  330	 7	R7 
16.2940	-31.5611	148.3	  412	 8	R8 
16.1052	-31.6047	166.8	  451	 9	R9 
15.9162	-31.6480	185.3	  544	10	R10
15.7270	-31.6911	203.9	  788	11	R11
15.5376	-31.7338	222.4	 1298	12	R12
15.3481	-31.7763	240.9	 1615	13	R13
15.1584	-31.8185	259.5	 1864	14	R14
14.9685	-31.8604	278.0	 2289	15	R15
14.7784	-31.9021	296.5	 2560	16	R16
14.5882	-31.9435	315.1	 2747	17	R17
14.3978	-31.9845	333.6	 3041	18	R18
14.2073	-32.0253	352.1	 3245	19	R19
14.0165	-32.0658	370.6	 3370	20	R20
13.8256	-32.1061	389.2	 3393	21	R21
# Line S 	17.4693/-31.8041	18.1476/-31.6367
17.9593	-31.6825	 18.5	  107	 1	S1 
17.7709	-31.7280	 37.1	  145	 2	S2 
17.5822	-31.7733	 55.6	  181	 3	S3 
17.3934	-31.8182	 74.1	  196	 4	S4 
17.2044	-31.8629	 92.7	  200	 5	S5 
17.0152	-31.9073	111.2	  193	 6	S6 
16.8259	-31.9515	129.7	  204	 7	S7 
16.6363	-31.9953	148.3	  255	 8	S8 
16.4466	-32.0389	166.8	  376	 9	S9 
16.2567	-32.0822	185.3	  499	10	S10
16.0666	-32.1252	203.9	  869	11	S11
15.8763	-32.1679	222.4	 1304	12	S12
15.6859	-32.2103	240.9	 1781	13	S13
15.4952	-32.2525	259.5	 2355	14	S14
15.3044	-32.2943	278.0	 2738	15	S15
15.1134	-32.3359	296.5	 2927	16	S16
14.9223	-32.3772	315.1	 3035	17	S17
14.7310	-32.4182	333.6	 3203	18	S18
14.5395	-32.4589	352.1	 3304	19	S19
14.3478	-32.4993	370.6	 3500	20	S20
14.1560	-32.5394	389.2	 3691	21	S21
